memory dimension: 150, epochs: 20

              precision    recall  f1-score   support

           0       0.33      0.14      0.20         7
           1       0.84      0.92      0.88        39
           2       1.00      0.62      0.77         8
           3       0.82      0.80      0.81       229
           4       0.86      0.89      0.88        56
           5       0.81      0.65      0.72       175
           6       0.69      0.86      0.77        21
           7       0.72      0.85      0.78       149
           8       0.52      0.85      0.64        20
           9       0.68      0.65      0.67        55

    accuracy                           0.77       759
   macro avg       0.73      0.72      0.71       759
weighted avg       0.78      0.77      0.77       759